10101010010010010110101100011000100010001101000101
11010000010001110001100000110010000010000100000010
11100011110100000100001010101101101000010000111000
01101110100111110101000110000001010000100101100110
10000000110000000001000100110100000100000100110010
11101001101001101010000000011001110101101110000111
10110011101001111101101000110101010010100100110001
01111110010000000100101110110101100010001000110100
01100000000101000010110010010010011101000110101101
10111101100001001001000000101100010001001100000000
10111110100010100000100110101000010110101111101000
00100100000110000000001100000110000110100001101111
11000000100000101110001110011100101001100110001101
10100000100001100100111101000100011100001001111111
00000000001011100000010000101101010000000001011110
11001000110101000101000010010101001110001111101101
10101001111100001000100000010110001001010100100000
10011110100010000000001000010010110100001000110101
00101111101011101110001000101100101110000101101110
10101000001010000010111100010100000100001001001101
01110001001110001110101101100010010110110111110001
10001001001011110011101100110010000001100011111110
01010100001001111111101110110110110100010010101111
01010100000100110100011101001101010110000000000110
01110000110110111110111101110010000101011101000101
00000011110110111110000110101011100000000010000101
10110101101001010001111101100001000110110100000001
10100101101011101011111110101011100010001100100000
11101000101011101101101001010011100100011100000001
01110000100001001101111101000101010011100010110000
10011100101011110010110000111100110100000101101110
01101100100001010110001100011111111111111101111111
11001001010001101110000100110000110100110100011111
00000001100010100000000010110101010000100101100000
01100010000001111111110010111101010010110100010011
11110110101010110010000011110001001011111110001101
00001100001010010110101111111100111101011101011101
10011100000010101101010110110101110000101001000001
00000100010001010010101000100100010100000010110100
00100110010110000111110100110111110001110101010101
00001000100000010110101100000101100100000111101100
10110010000100011101110000000001101001010100010101
11110010100101101001110010010100101111110101000010
01100010110110101000010000101111111110100100010111
10101100111111111100001010011100110000110100001011
10000100101110010001101100010100011101101000000000
01000010100010000100110000000110000000110001000010
00001000100000010110101100000101100100000111101100
10110010000100011101110000000001101001010100010101
11110010100101101001110010010100101111110101000010